[46975.862645] [Project1] 7381 1588466285.201772352 1588466285.954058571
[46977.368987] [Project1] 7388 1588466286.742939979 1588466287.460345541
[46978.843344] [Project1] 7392 1588466288.217423916 1588466288.934648856
[46980.319769] [Project1] 7396 1588466289.695599199 1588466290.411019215
[46981.805191] [Project1] 7403 1588466291.172672930 1588466291.896386975
[46983.326159] [Project1] 7407 1588466292.663018280 1588466293.417300488
[46984.803673] [Project1] 7411 1588466294.177490234 1588466294.894760611
[46986.284646] [Project1] 7415 1588466295.658837057 1588466296.375680163
[46987.770585] [Project1] 7419 1588466297.142737644 1588466297.861565390
[46989.230756] [Project1] 7423 1588466298.604665404 1588466299.321684325
